Force  Lifetime  Lnp  Force  Lifetime  Lnp  Force  Lifetime  Lnp  Force  Lifetime  Lnp  Force  Lifetime  Lnp  Force  Lifetime  Lnp  Force  Lifetime  Lnp  Force  Lifetime  Lnp  Force  Lifetime  Lnp  
8.298000	0.004000	3.784190	0.000000	13.213000	0.005000	4.174387	0.000000	17.903000	0.010000	3.737670	0.000000	26.147000	0.008000	3.465736	0.000000	31.211000	0.016000	3.218876	0.000000	35.139000	0.011000	2.708050	0.000000
4.923000	0.005000	3.761200	-0.022990	12.751000	0.006000	4.158883	-0.015504	17.692000	0.013000	3.713572	-0.024098	26.219000	0.012000	3.433987	-0.031749	33.332000	0.021000	3.178054	-0.040822	36.556000	0.017000	2.639057	-0.068993
10.105000	0.005000	3.737670	-0.046520	14.741000	0.006000	4.143135	-0.031253	20.061000	0.014000	3.688879	-0.048790	28.161000	0.013000	3.401197	-0.064539	30.514000	0.023000	3.135494	-0.083382	40.034000	0.019000	2.564949	-0.143101
6.478000	0.008000	3.713572	-0.070618	10.780000	0.007000	4.127134	-0.047253	22.646000	0.016000	3.663562	-0.074108	24.116000	0.015000	3.367296	-0.098440	29.115000	0.024000	3.091042	-0.127833	35.251000	0.023000	2.484907	-0.223144
7.285000	0.008000	3.688879	-0.095310	13.080000	0.007000	4.110874	-0.063513	22.646000	0.016000	3.637586	-0.100083	24.208000	0.019000	3.332205	-0.133531	32.414000	0.029000	3.044522	-0.174353	36.050000	0.036000	2.397895	-0.310155
7.412000	0.009000	3.663562	-0.120628	14.031000	0.008000	4.094345	-0.080043	18.182000	0.020000	3.610918	-0.126752	24.208000	0.019000	3.295837	-0.169899	32.739000	0.041000	2.995732	-0.223144	34.265000	0.052000	2.302585	-0.405465
7.827000	0.010000	3.637586	-0.146603	14.109000	0.008000	4.077537	-0.096850	20.849000	0.020000	3.583519	-0.154151	27.509000	0.020000	3.258097	-0.207639	30.096000	0.045000	2.944439	-0.274437	36.939000	0.061000	2.197225	-0.510826
10.172000	0.010000	3.610918	-0.173272	14.151000	0.008000	4.060443	-0.113944	19.218000	0.022000	3.555348	-0.182322	25.246000	0.027000	3.218876	-0.246860	32.506000	0.049000	2.890372	-0.328504	37.197000	0.077000	2.079442	-0.628609
8.065000	0.011000	3.583519	-0.200671	14.549000	0.009000	4.043051	-0.131336	19.904000	0.023000	3.526361	-0.211309	25.724000	0.032000	3.178054	-0.287682	32.506000	0.049000	2.833213	-0.385662	37.744000	0.095000	1.945910	-0.762140
4.367000	0.013000	3.555348	-0.228842	11.701000	0.011000	4.025352	-0.149036	20.950000	0.024000	3.496508	-0.241162	27.499000	0.033000	3.135494	-0.330242	30.608000	0.051000	2.772589	-0.446287	37.169000	0.099000	1.791759	-0.916291
8.770000	0.014000	3.526361	-0.257829	15.314000	0.012000	4.007333	-0.167054	19.991000	0.025000	3.465736	-0.271934	26.574000	0.043000	3.091042	-0.374693	31.677000	0.052000	2.708050	-0.510826	37.959000	0.120000	1.609438	-1.098612
7.139000	0.017000	3.496508	-0.287682	13.447000	0.013000	3.988984	-0.185403	20.101000	0.025000	3.433987	-0.303682	23.867000	0.048000	3.044522	-0.421213	30.194000	0.067000	2.639057	-0.579818	37.650000	0.128000	1.386294	-1.321756
5.718000	0.020000	3.465736	-0.318454	15.351000	0.013000	3.970292	-0.204095	21.609000	0.037000	3.401197	-0.336472	25.240000	0.051000	2.995732	-0.470004	30.899000	0.103000	2.564949	-0.653926	37.239000	0.156000	1.098612	-1.609438
7.990000	0.023000	3.433987	-0.350202	16.380000	0.016000	3.951244	-0.223144	21.609000	0.037000	3.367296	-0.370374	25.279000	0.053000	2.944439	-0.521297	32.460000	0.121000	2.484907	-0.733969	40.383000	0.169000	0.693147	-2.014903
10.080000	0.026000	3.401197	-0.382992	10.634000	0.017000	3.931826	-0.242562	18.696000	0.048000	3.332205	-0.405465	26.704000	0.057000	2.890372	-0.575364	31.105000	0.123000	2.397895	-0.820981	35.226000	0.522000	0.000000	-2.708050
9.900000	0.032000	3.367296	-0.416894	11.053000	0.017000	3.912023	-0.262364	18.711000	0.055000	3.295837	-0.441833	27.941000	0.077000	2.833213	-0.632523	33.234000	0.123000	2.302585	-0.916291	0.000000	0.000000	0.000000	0.000000
4.447000	0.033000	3.332205	-0.451985	14.388000	0.017000	3.891820	-0.282567	21.182000	0.057000	3.258097	-0.479573	25.541000	0.088000	2.772589	-0.693147	32.360000	0.144000	2.197225	-1.021651	0.000000	0.000000	0.000000	0.000000
3.351000	0.034000	3.295837	-0.488353	14.693000	0.018000	3.871201	-0.303186	22.474000	0.061000	3.218876	-0.518794	25.320000	0.111000	2.708050	-0.757686	30.098000	0.155000	2.079442	-1.139434	0.000000	0.000000	0.000000	0.000000
5.176000	0.043000	3.258097	-0.526093	11.553000	0.019000	3.850148	-0.324240	18.757000	0.062000	3.178054	-0.559616	25.369000	0.117000	2.639057	-0.826679	30.098000	0.155000	1.945910	-1.272966	0.000000	0.000000	0.000000	0.000000
8.175000	0.043000	3.218876	-0.565314	12.655000	0.019000	3.828641	-0.345746	21.696000	0.064000	3.135494	-0.602175	25.567000	0.124000	2.564949	-0.900787	32.364000	0.168000	1.791759	-1.427116	0.000000	0.000000	0.000000	0.000000
5.450000	0.055000	3.178054	-0.606136	12.652000	0.021000	3.806662	-0.367725	22.847000	0.068000	3.091042	-0.646627	25.426000	0.127000	2.484907	-0.980829	31.089000	0.179000	1.609438	-1.609438	0.000000	0.000000	0.000000	0.000000
5.816000	0.061000	3.135494	-0.648695	12.976000	0.022000	3.784190	-0.390198	21.166000	0.072000	3.044522	-0.693147	26.345000	0.183000	2.397895	-1.067841	31.089000	0.179000	1.386294	-1.832581	0.000000	0.000000	0.000000	0.000000
6.034000	0.074000	3.091042	-0.693147	10.769000	0.024000	3.761200	-0.413187	17.597000	0.077000	2.995732	-0.741937	24.772000	0.234000	2.302585	-1.163151	31.466000	0.204000	1.098612	-2.120264	0.000000	0.000000	0.000000	0.000000
4.336000	0.083000	3.044522	-0.739667	10.819000	0.033000	3.737670	-0.436718	19.652000	0.079000	2.944439	-0.793231	24.772000	0.234000	2.197225	-1.268511	30.454000	0.240000	0.693147	-2.525729	0.000000	0.000000	0.000000	0.000000
4.859000	0.096000	2.995732	-0.788457	16.783000	0.036000	3.713572	-0.460815	20.038000	0.086000	2.890372	-0.847298	25.442000	0.260000	2.079442	-1.386294	29.079000	0.262000	0.000000	-3.218876	0.000000	0.000000	0.000000	0.000000
9.952000	0.107000	2.944439	-0.839751	16.820000	0.036000	3.688879	-0.485508	20.065000	0.103000	2.833213	-0.904456	23.739000	0.278000	1.945910	-1.519826	0.000000	0.000000	0.000000	0.000000	0.000000	0.000000	0.000000	0.000000
8.253000	0.119000	2.890372	-0.893818	11.216000	0.038000	3.663562	-0.510826	21.587000	0.116000	2.772589	-0.965081	24.011000	0.446000	1.791759	-1.673976	0.000000	0.000000	0.000000	0.000000	0.000000	0.000000	0.000000	0.000000
9.209000	0.124000	2.833213	-0.950976	15.743000	0.039000	3.637586	-0.536801	17.867000	0.117000	2.708050	-1.029619	23.451000	0.511000	1.609438	-1.856298	0.000000	0.000000	0.000000	0.000000	0.000000	0.000000	0.000000	0.000000
9.848000	0.189000	2.772589	-1.011601	12.902000	0.050000	3.610918	-0.563469	19.718000	0.117000	2.639057	-1.098612	26.479000	0.523000	1.386294	-2.079442	0.000000	0.000000	0.000000	0.000000	0.000000	0.000000	0.000000	0.000000
6.545000	0.208000	2.708050	-1.076139	13.741000	0.050000	3.583519	-0.590868	20.811000	0.153000	2.564949	-1.172720	24.000000	0.607000	1.098612	-2.367124	0.000000	0.000000	0.000000	0.000000	0.000000	0.000000	0.000000	0.000000
10.083000	0.210000	2.639057	-1.145132	12.795000	0.052000	3.555348	-0.619039	20.637000	0.176000	2.484907	-1.252763	25.572000	0.650000	0.693147	-2.772589	0.000000	0.000000	0.000000	0.000000	0.000000	0.000000	0.000000	0.000000
5.939000	0.212000	2.564949	-1.219240	11.033000	0.054000	3.526361	-0.648027	20.514000	0.183000	2.397895	-1.339774	27.484000	0.670000	0.000000	-3.465736	0.000000	0.000000	0.000000	0.000000	0.000000	0.000000	0.000000	0.000000
7.669000	0.216000	2.484907	-1.299283	14.128000	0.059000	3.496508	-0.677880	18.659000	0.334000	2.302585	-1.435085	23.905000	8.742000	0.000000	-3.496508	0.000000	0.000000	0.000000	0.000000	0.000000	0.000000	0.000000	0.000000
9.705000	0.345000	2.397895	-1.386294	11.912000	0.062000	3.465736	-0.708651	21.171000	0.423000	2.197225	-1.540445	0.000000	0.000000	0.000000	0.000000	0.000000	0.000000	0.000000	0.000000	0.000000	0.000000	0.000000	0.000000
3.982000	0.398000	2.302585	-1.481605	12.595000	0.073000	3.433987	-0.740400	18.646000	0.452000	2.079442	-1.658228	0.000000	0.000000	0.000000	0.000000	0.000000	0.000000	0.000000	0.000000	0.000000	0.000000	0.000000	0.000000
10.000000	0.399000	2.197225	-1.586965	15.709000	0.085000	3.401197	-0.773190	21.488000	0.629000	1.945910	-1.791759	0.000000	0.000000	0.000000	0.000000	0.000000	0.000000	0.000000	0.000000	0.000000	0.000000	0.000000	0.000000
5.906000	0.406000	2.079442	-1.704748	10.664000	0.086000	3.367296	-0.807091	18.854000	0.785000	1.791759	-1.945910	0.000000	0.000000	0.000000	0.000000	0.000000	0.000000	0.000000	0.000000	0.000000	0.000000	0.000000	0.000000
7.191000	0.416000	1.945910	-1.838279	15.237000	0.095000	3.332205	-0.842183	17.984000	0.831000	1.609438	-2.128232	0.000000	0.000000	0.000000	0.000000	0.000000	0.000000	0.000000	0.000000	0.000000	0.000000	0.000000	0.000000
5.343000	0.419000	1.791759	-1.992430	10.967000	0.103000	3.295837	-0.878550	17.375000	0.952000	1.386294	-2.351375	0.000000	0.000000	0.000000	0.000000	0.000000	0.000000	0.000000	0.000000	0.000000	0.000000	0.000000	0.000000
6.729000	0.424000	1.609438	-2.174752	13.600000	0.116000	3.258097	-0.916291	18.078000	1.237000	1.098612	-2.639057	0.000000	0.000000	0.000000	0.000000	0.000000	0.000000	0.000000	0.000000	0.000000	0.000000	0.000000	0.000000
4.107000	0.510000	1.386294	-2.397895	14.567000	0.116000	3.218876	-0.955511	19.636000	1.754000	0.693147	-3.044522	0.000000	0.000000	0.000000	0.000000	0.000000	0.000000	0.000000	0.000000	0.000000	0.000000	0.000000	0.000000
7.375000	0.829000	1.098612	-2.685577	11.980000	0.124000	3.178054	-0.996333	19.636000	1.754000	0.000000	-3.737670	0.000000	0.000000	0.000000	0.000000	0.000000	0.000000	0.000000	0.000000	0.000000	0.000000	0.000000	0.000000
8.636000	0.831000	0.693147	-3.091042	10.832000	0.131000	3.135494	-1.038893	0.000000	0.000000	0.000000	0.000000	0.000000	0.000000	0.000000	0.000000	0.000000	0.000000	0.000000	0.000000	0.000000	0.000000	0.000000	0.000000
6.361000	1.262000	0.000000	-3.784190	15.505000	0.156000	3.091042	-1.083345	0.000000	0.000000	0.000000	0.000000	0.000000	0.000000	0.000000	0.000000	0.000000	0.000000	0.000000	0.000000	0.000000	0.000000	0.000000	0.000000
0.000000	0.000000	0.000000	0.000000	15.606000	0.156000	3.044522	-1.129865	0.000000	0.000000	0.000000	0.000000	0.000000	0.000000	0.000000	0.000000	0.000000	0.000000	0.000000	0.000000	0.000000	0.000000	0.000000	0.000000
0.000000	0.000000	0.000000	0.000000	16.613000	0.216000	2.995732	-1.178655	0.000000	0.000000	0.000000	0.000000	0.000000	0.000000	0.000000	0.000000	0.000000	0.000000	0.000000	0.000000	0.000000	0.000000	0.000000	0.000000
0.000000	0.000000	0.000000	0.000000	11.879000	0.260000	2.944439	-1.229948	0.000000	0.000000	0.000000	0.000000	0.000000	0.000000	0.000000	0.000000	0.000000	0.000000	0.000000	0.000000	0.000000	0.000000	0.000000	0.000000
0.000000	0.000000	0.000000	0.000000	16.782000	0.327000	2.890372	-1.284016	0.000000	0.000000	0.000000	0.000000	0.000000	0.000000	0.000000	0.000000	0.000000	0.000000	0.000000	0.000000	0.000000	0.000000	0.000000	0.000000
0.000000	0.000000	0.000000	0.000000	10.824000	0.331000	2.833213	-1.341174	0.000000	0.000000	0.000000	0.000000	0.000000	0.000000	0.000000	0.000000	0.000000	0.000000	0.000000	0.000000	0.000000	0.000000	0.000000	0.000000
0.000000	0.000000	0.000000	0.000000	15.289000	0.370000	2.772589	-1.401799	0.000000	0.000000	0.000000	0.000000	0.000000	0.000000	0.000000	0.000000	0.000000	0.000000	0.000000	0.000000	0.000000	0.000000	0.000000	0.000000
0.000000	0.000000	0.000000	0.000000	11.965000	0.431000	2.708050	-1.466337	0.000000	0.000000	0.000000	0.000000	0.000000	0.000000	0.000000	0.000000	0.000000	0.000000	0.000000	0.000000	0.000000	0.000000	0.000000	0.000000
0.000000	0.000000	0.000000	0.000000	13.530000	0.444000	2.639057	-1.535330	0.000000	0.000000	0.000000	0.000000	0.000000	0.000000	0.000000	0.000000	0.000000	0.000000	0.000000	0.000000	0.000000	0.000000	0.000000	0.000000
0.000000	0.000000	0.000000	0.000000	10.734000	0.598000	2.564949	-1.609438	0.000000	0.000000	0.000000	0.000000	0.000000	0.000000	0.000000	0.000000	0.000000	0.000000	0.000000	0.000000	0.000000	0.000000	0.000000	0.000000
0.000000	0.000000	0.000000	0.000000	15.930000	0.605000	2.484907	-1.689481	0.000000	0.000000	0.000000	0.000000	0.000000	0.000000	0.000000	0.000000	0.000000	0.000000	0.000000	0.000000	0.000000	0.000000	0.000000	0.000000
0.000000	0.000000	0.000000	0.000000	11.712000	0.636000	2.397895	-1.776492	0.000000	0.000000	0.000000	0.000000	0.000000	0.000000	0.000000	0.000000	0.000000	0.000000	0.000000	0.000000	0.000000	0.000000	0.000000	0.000000
0.000000	0.000000	0.000000	0.000000	10.852000	0.694000	2.302585	-1.871802	0.000000	0.000000	0.000000	0.000000	0.000000	0.000000	0.000000	0.000000	0.000000	0.000000	0.000000	0.000000	0.000000	0.000000	0.000000	0.000000
0.000000	0.000000	0.000000	0.000000	10.852000	0.694000	2.197225	-1.977163	0.000000	0.000000	0.000000	0.000000	0.000000	0.000000	0.000000	0.000000	0.000000	0.000000	0.000000	0.000000	0.000000	0.000000	0.000000	0.000000
0.000000	0.000000	0.000000	0.000000	10.427000	0.697000	2.079442	-2.094946	0.000000	0.000000	0.000000	0.000000	0.000000	0.000000	0.000000	0.000000	0.000000	0.000000	0.000000	0.000000	0.000000	0.000000	0.000000	0.000000
0.000000	0.000000	0.000000	0.000000	15.220000	0.781000	1.945910	-2.228477	0.000000	0.000000	0.000000	0.000000	0.000000	0.000000	0.000000	0.000000	0.000000	0.000000	0.000000	0.000000	0.000000	0.000000	0.000000	0.000000
0.000000	0.000000	0.000000	0.000000	16.234000	0.833000	1.791759	-2.382628	0.000000	0.000000	0.000000	0.000000	0.000000	0.000000	0.000000	0.000000	0.000000	0.000000	0.000000	0.000000	0.000000	0.000000	0.000000	0.000000
0.000000	0.000000	0.000000	0.000000	13.839000	0.928000	1.609438	-2.564949	0.000000	0.000000	0.000000	0.000000	0.000000	0.000000	0.000000	0.000000	0.000000	0.000000	0.000000	0.000000	0.000000	0.000000	0.000000	0.000000
0.000000	0.000000	0.000000	0.000000	16.359000	1.078000	1.386294	-2.788093	0.000000	0.000000	0.000000	0.000000	0.000000	0.000000	0.000000	0.000000	0.000000	0.000000	0.000000	0.000000	0.000000	0.000000	0.000000	0.000000
0.000000	0.000000	0.000000	0.000000	16.359000	1.078000	1.098612	-3.075775	0.000000	0.000000	0.000000	0.000000	0.000000	0.000000	0.000000	0.000000	0.000000	0.000000	0.000000	0.000000	0.000000	0.000000	0.000000	0.000000
0.000000	0.000000	0.000000	0.000000	16.321000	1.088000	0.693147	-3.481240	0.000000	0.000000	0.000000	0.000000	0.000000	0.000000	0.000000	0.000000	0.000000	0.000000	0.000000	0.000000	0.000000	0.000000	0.000000	0.000000
0.000000	0.000000	0.000000	0.000000	11.465000	1.282000	0.000000	-4.174387	0.000000	0.000000	0.000000	0.000000	0.000000	0.000000	0.000000	0.000000	0.000000	0.000000	0.000000	0.000000	0.000000	0.000000	0.000000	0.000000
