13.975	0.026
13.589	0.04
11.946	0.042
12.582	0.047
13.452	0.063
10.117	0.074
11.739	0.098
13.678	0.112
9.065	0.147
12.895	0.151
10.118	0.167
13.229	0.168
9.509	0.221
12.973	0.279
10.333	0.374
5.115	0.38
12.66	0.411
11.513	0.435
13.141	0.778
13.68	0.845
13.953	0.984
13.953	0.984
11.136	1.532
8.066	1.543
10.38	1.726
13.506	1.854
13.11	2.074
8.864	2.734
17.83	0.031
20.097	0.033
17.126	0.034
19.602	0.035
15.781	0.036
16.498	0.036
18.874	0.036
19.25	0.039
17.188	0.04
14.221	0.051
18.754	0.059
15.949	0.061
16.135	0.074
20.251	0.08
19.296	0.084
20.351	0.084
18.384	0.089
16.386	0.091
18.214	0.094
16.464	0.097
17.133	0.104
19.832	0.106
16.966	0.11
15.76	0.114
18.523	0.127
16.243	0.154
15.202	0.16
18.568	0.172
18.582	0.183
19.621	0.187
18.63	0.191
18.421	0.202
16.572	0.205
17.558	0.23
19.539	0.23
19.961	0.236
19.349	0.26
15.298	0.261
19.898	0.316
16.446	0.339
19.051	0.364
20.279	0.367
19.09	0.372
17.399	0.395
16.366	0.468
14.792	0.474
14.912	0.495
14.895	0.503
19.331	0.528
14.238	0.565
14.246	0.571
16.01	0.579
15.522	0.658
20.151	0.681
14.97	0.789
20.254	0.937
14.327	1.284
20.265	1.287
15.168	1.518
18.082	1.629
19.219	1.643
16.419	1.725
16.344	1.771
17.577	2.053
14.642	2.137
14.644	2.14
16.983	2.145
19.709	2.231
14.627	3.019
17.153	3.066
20.198	3.093
20.199	3.096
15.339	3.353
16.87	3.477
18.503	4.961
18.5	4.989
21.366	0.018
21.744	0.018
23.676	0.02
24.679	0.02
21.178	0.021
21.61	0.022
20.997	0.024
23.276	0.024
21.358	0.027
24.121	0.027
22.298	0.03
21.438	0.031
23.948	0.036
24.992	0.038
24.43	0.04
24.679	0.042
24.905	0.043
23.54	0.046
21.504	0.053
22.21	0.055
21.302	0.063
22.866	0.071
23.494	0.071
23.724	0.08
22.528	0.081
20.786	0.085
21.745	0.094
21.361	0.095
23.354	0.096
24.783	0.097
21.645	0.1
21.13	0.107
24.818	0.124
24.17	0.13
21.865	0.131
24.316	0.133
22.082	0.139
22.543	0.144
24.402	0.16
20.903	0.163
20.544	0.166
24.577	0.17
23.95	0.171
22.409	0.173
22.822	0.174
20.915	0.176
25.097	0.178
23.235	0.184
25.206	0.195
23.615	0.199
21.358	0.203
25.076	0.204
24.249	0.209
21.095	0.251
20.429	0.252
23.32	0.255
23.455	0.267
21.963	0.276
21.839	0.291
20.555	0.33
24.305	0.395
20.42	0.436
20.924	0.442
22.399	0.461
23.675	0.467
22.274	0.527
20.62	0.582
24.222	0.591
21.354	0.613
25.097	0.635
25.075	0.649
24.909	0.969
23.425	1.259
24.579	1.308
24.757	1.459
21.916	1.635
22.425	1.768
24.648	1.786
24.919	1.979
23.073	1.998
24.436	2.009
23.083	2.29
21.948	2.592
21.968	3.609
20.56	3.673
22.916	3.996
21.822	4.817
26.845	0.011
25.387	0.014
28.583	0.014
26.509	0.016
28.792	0.029
28.559	0.03
25.649	0.032
26.487	0.032
28.046	0.032
25.78	0.038
25.517	0.04
26.169	0.043
29.211	0.044
26.005	0.05
26.039	0.05
29.273	0.052
26.084	0.056
28.226	0.071
25.699	0.072
26.339	0.072
28.483	0.079
25.297	0.08
26.792	0.087
26.191	0.093
25.73	0.142
27.489	0.165
28.08	0.183
25.687	0.184
27.198	0.195
28.468	0.2
27.254	0.229
26.119	0.238
29.109	0.263
26.808	0.305
25.64	0.343
26.254	0.366
29.078	0.388
26.244	0.41
29.027	0.426
26.001	0.473
25.238	0.505
26.494	0.511
26.965	0.546
25.41	0.57
27.109	0.573
25.497	0.644
26.249	0.939
26.447	0.975
28.201	1.089
27.788	1.114
25.447	1.213
26.418	2.541
29.703	3.057
34.867	0.008
33.498	0.01
35.139	0.012
39.399	0.018
36.781	0.021
40.144	0.021
34.912	0.026
32.281	0.03
35.553	0.035
30.885	0.039
30.757	0.044
31.677	0.059
31.457	0.071
35.678	0.073
31.959	0.091
33.528	0.135
39.99	0.137
38.366	0.189
34.352	0.221
31.547	0.227
30.143	0.233
30.315	0.24
30.68	0.261
33.915	0.288
31.125	0.321
33.899	0.335
30.951	0.383
31.062	0.408
37.061	0.429
32.784	0.46
30.285	0.649
32.774	0.78
34.723	0.823
7.727	0.518
16.033	0.093
10.664	0.03
7.985	0.111
15.733	0.007
10.427	0.056
6.244	0.416
10.561	0.042
10.921	0.177
7.786	0.459
11.83	0.032
15.308	0.128
11.507	0.006
10.244	0.11
13.391	0.601
8.416	0.01
11.398	0.014
11.494	0.011
8.766	0.005
11.817	0.265
13.605	0.009
18.984	0.016
18.619	1.871
13.139	0.082
12.294	0.02
11.747	0.008
15.691	0.019
7.602	0.267
14.238	0.035
9.189	0.018
12.118	0.004
13.592	0.006
16.526	0.032
9.164	0.01
8.101	0.044
4.064	0.193
12.605	0.009
8.172	0.139
12.272	0.043
10.986	0.039
9.429	0.016
11.576	0.151
12.689	0.8
4.963	0.162
12.867	0.195
4.035	0.05
11.345	0.053
3.807	0.207
18.98	0.588
9.3	0.017
9.145	0.035
13.723	0.02
16.87	0.01
6.632	0.056
8.274	0.026
7.072	0.092
6.994	0.014
12.325	0.019
12.249	0.008
14.267	0.01
5.167	0.025
8.451	0.06
13.985	0.007
9.757	0.026
6.389	0.055
9.011	0.073
8.661	0.036
11.708	0.01
8.632	0.017
6.161	0.031
7.44	0.226
13.848	0.121
9.971	0.009
12.478	0.019
13.396	0.041
9.626	0.024
11.926	0.017
11.126	0.006
10.867	0.012
7.041	0.048
13.152	0.011
11.462	0.169
14.593	0.012
11.196	0.064
8.855	0.03
12.364	0.022
10.111	0.047
12.918	0.011
7.254	0.007
12.075	0.009
12.559	0.028
12.132	0.008
12.764	0.03
8.331	0.061
7.749	0.053
12.027	0.011
5.839	0.106
9.777	0.012
6.054	0.277
10.823	0.011
14.457	0.02
6.461	1.818
10.787	0.133
11.172	0.292
7.554	0.009
13.587	0.009
5.121	0.353
12.355	0.036
8.7	0.028
9.65	0.008
9.769	0.049
14.868	0.018
8.238	0.454
10.249	4.57
10.904	7.332
9.914	0.044
7.762	0.061
8.5	0.19
13.283	0.053
15.541	0.006
14.871	0.008
10.825	0.119
6.529	0.103
10.227	0.08
12.499	0.007
6.909	0.073
8.042	0.08
7.664	0.012
13.577	0.025
9.575	0.006
10.603	0.041
13.999	0.283
11.419	0.016
12.973	0.022
9.732	0.007
13.101	0.023
10.224	0.046
8.709	3.336
4.035	0.054
6.604	0.173
12.494	0.02
11.373	0.011
6.139	0.766
5.497	0.198
4.613	0.393
13.683	0.049
10.359	0.039
